                 0                 0
             1e-06                 0
             2e-06                 0
             3e-06                 0
             4e-06     -6.115576e-43
             5e-06     -1.834673e-42
             6e-06      -4.89246e-42
             7e-06     -1.039648e-41
             8e-06     -1.956983e-41
             9e-06     -3.363565e-41
             1e-05     -5.320547e-41
           1.1e-05     -7.827931e-41
           1.2e-05     -1.094687e-40
           1.3e-05     -1.473852e-40
           1.4e-05     -1.920288e-40
           1.5e-05      -2.42788e-40
           1.6e-05     -2.996628e-40
           1.7e-05     -3.638762e-40
           1.8e-05     -4.366513e-40
           1.9e-05     -5.198229e-40
             2e-05     -6.146141e-40
           2.1e-05     -7.216363e-40
           2.2e-05     -8.415012e-40
           2.3e-05     -9.754319e-40
           2.4e-05      -1.12404e-39
           2.5e-05     -1.287325e-39
           2.6e-05     -1.466511e-39
           2.7e-05     -1.662208e-39
           2.8e-05      -1.87503e-39
           2.9e-05     -2.104974e-39
             3e-05     -2.351431e-39
           3.1e-05     -2.613788e-39
           3.2e-05     -2.892045e-39
           3.3e-05     -3.185591e-39
           3.4e-05     -3.493815e-39
           3.5e-05     -3.816104e-39
           3.6e-05     -4.152458e-39
           3.7e-05     -4.502267e-39
           3.8e-05      -4.86553e-39
           3.9e-05     -5.242247e-39
             4e-05     -5.632418e-39
           4.1e-05     -6.035431e-39
           4.2e-05     -6.450676e-39
           4.3e-05     -6.876928e-39
           4.4e-05     -7.313577e-39
           4.5e-05     -7.759399e-39
           4.6e-05     -8.213171e-39
           4.7e-05     -8.674893e-39
           4.8e-05     -9.143341e-39
           4.9e-05     -9.617294e-39
             5e-05     -1.009675e-38
           5.1e-05     -1.057988e-38
           5.2e-05     -1.106484e-38
           5.3e-05     -1.155163e-38
           5.4e-05     -1.203965e-38
           5.5e-05     -1.252828e-38
           5.6e-05     -1.301752e-38
           5.7e-05     -1.350676e-38
           5.8e-05     -1.399539e-38
           5.9e-05     -1.448218e-38
             6e-05     -1.496653e-38
           6.1e-05      -1.54472e-38
           6.2e-05     -1.592421e-38
           6.3e-05     -1.639755e-38
           6.4e-05     -1.686661e-38
           6.5e-05     -1.733138e-38
           6.6e-05     -1.779188e-38
           6.7e-05      -1.82484e-38
           6.8e-05     -1.870247e-38
           6.9e-05     -1.915655e-38
             7e-05     -1.961307e-38
           7.1e-05      -2.00751e-38
           7.2e-05     -2.054447e-38
           7.3e-05     -2.102301e-38
           7.4e-05     -2.151379e-38
           7.5e-05     -2.201986e-38
           7.6e-05     -2.254185e-38
           7.7e-05     -2.308004e-38
           7.8e-05     -2.363477e-38
           7.9e-05     -2.420388e-38
             8e-05     -2.478617e-38
           8.1e-05     -2.538102e-38
           8.2e-05     -2.598753e-38
           8.3e-05     -2.660449e-38
           8.4e-05      -2.72319e-38
           8.5e-05     -2.786825e-38
           8.6e-05     -2.849169e-38
           8.7e-05     -2.903911e-38
           8.8e-05      -2.94272e-38
           8.9e-05     -2.962465e-38
             9e-05     -2.959068e-38
           9.1e-05     -2.938909e-38
           9.2e-05     -2.923874e-38
           9.3e-05      -2.94938e-38
           9.4e-05     -3.066471e-38
           9.5e-05     -3.349143e-38
           9.6e-05     -3.894248e-38
           9.7e-05     -4.835002e-38
           9.8e-05     -6.360825e-38
           9.9e-05      2.187853e-34
            0.0001       1.09424e-33
          0.000101      3.064042e-33
          0.000102      6.784804e-33
          0.000103      1.313523e-32
          0.000104      2.298758e-32
          0.000105      3.743622e-32
          0.000106      5.779436e-32
          0.000107      8.559412e-32
          0.000108      7.275957e-19
          0.000109       1.74623e-18
           0.00011       3.49246e-18
          0.000111      4.947651e-18
          0.000112      6.693881e-18
          0.000113      8.876668e-18
          0.000114      1.251465e-17
          0.000115      1.760782e-17
          0.000116      2.371962e-17
          0.000117      3.157766e-17
          0.000118      4.089088e-17
          0.000119      5.282345e-17
           0.00012      6.752088e-17
          0.000121      8.483766e-17
          0.000122      1.056469e-16
          0.000123      1.305307e-16
          0.000124      1.602166e-16
          0.000125      1.948501e-16
          0.000126      2.345769e-16
          0.000127       2.81143e-16
          0.000128      3.361492e-16
          0.000129      4.013418e-16
           0.00013      4.780304e-16
          0.000131      5.672336e-16
          0.000132      6.714253e-16
          0.000133      7.930794e-16
          0.000134      9.329233e-16
          0.000135      1.094595e-15
          0.000136      1.282169e-15
          0.000137      1.497538e-15
          0.000138       1.74492e-15
          0.000139       2.02941e-15
           0.00014      2.354645e-15
          0.000141      2.726883e-15
          0.000142      3.151508e-15
          0.000143      3.635941e-15
          0.000144      4.187895e-15
          0.000145      4.816829e-15
          0.000146      5.532638e-15
          0.000147      6.344635e-15
          0.000148      7.265771e-15
          0.000149      8.310453e-15
           0.00015      9.493524e-15
          0.000151      1.083114e-14
          0.000152       1.23425e-14
          0.000153      1.404944e-14
          0.000154      1.597378e-14
          0.000155      1.814187e-14
          0.000156      2.058223e-14
          0.000157      2.332555e-14
          0.000158      2.640692e-14
          0.000159      2.986358e-14
           0.00016      3.373934e-14
          0.000161      3.808061e-14
          0.000162      4.293862e-14
          0.000163      4.836998e-14
          0.000164       5.44374e-14
          0.000165      6.121059e-14
          0.000166      6.876493e-14
          0.000167       7.71835e-14
          0.000168      8.655784e-14
          0.000169      9.698851e-14
           0.00017      1.085832e-13
          0.000171      1.214625e-13
          0.000172      1.357574e-13
          0.000173      1.516129e-13
          0.000174      1.691858e-13
          0.000175      1.886493e-13
          0.000176      2.101911e-13
          0.000177       2.34016e-13
          0.000178      2.603477e-13
          0.000179      2.894299e-13
           0.00018      3.215261e-13
          0.000181      3.569259e-13
          0.000182       3.95942e-13
          0.000183      4.389172e-13
          0.000184      4.862203e-13
          0.000185      5.382549e-13
          0.000186      5.954576e-13
          0.000187      6.583028e-13
          0.000188      7.273015e-13
          0.000189      8.030091e-13
           0.00019      8.860284e-13
          0.000191      9.770098e-13
          0.000192      1.076656e-12
          0.000193      1.185728e-12
          0.000194      1.305047e-12
          0.000195        1.4355e-12
          0.000196      1.578043e-12
          0.000197      1.733708e-12
          0.000198      1.903607e-12
          0.000199      2.088936e-12
            0.0002      2.290986e-12
          0.000201      2.511143e-12
          0.000202        2.7509e-12
          0.000203      3.011861e-12
          0.000204      3.295749e-12
          0.000205      3.604416e-12
          0.000206      3.939846e-12
          0.000207      4.304172e-12
          0.000208       4.69968e-12
          0.000209      5.128817e-12
           0.00021       5.59421e-12
          0.000211      6.098666e-12
          0.000212      6.645192e-12
          0.000213      7.237006e-12
          0.000214      7.877547e-12
          0.000215      8.570491e-12
          0.000216      9.319766e-12
          0.000217      1.012956e-11
          0.000218      1.100436e-11
          0.000219      1.194893e-11
           0.00022      1.296836e-11
          0.000221      1.406809e-11
          0.000222      1.525388e-11
          0.000223      1.653191e-11
          0.000224      1.790872e-11
          0.000225      1.939128e-11
          0.000226      2.098703e-11
          0.000227      2.270384e-11
          0.000228      2.455009e-11
          0.000229      2.653469e-11
           0.00023      2.866708e-11
          0.000231      3.095731e-11
          0.000232        3.3416e-11
          0.000233      3.605447e-11
          0.000234      3.888466e-11
          0.000235      4.191926e-11
          0.000236      4.517171e-11
          0.000237      4.865622e-11
          0.000238      5.238785e-11
          0.000239      5.638252e-11
           0.00024      6.065708e-11
          0.000241      6.522933e-11
          0.000242       7.01181e-11
          0.000243      7.534326e-11
          0.000244       8.09258e-11
          0.000245      8.688789e-11
          0.000246       9.32529e-11
          0.000247      1.000455e-10
          0.000248      1.072917e-10
          0.000249      1.150189e-10
           0.00025       1.23256e-10
          0.000251      1.320333e-10
          0.000252      1.413831e-10
          0.000253      1.513388e-10
          0.000254      1.619361e-10
          0.000255      1.732122e-10
          0.000256      1.852063e-10
          0.000257      1.979597e-10
          0.000258      2.115156e-10
          0.000259      2.259196e-10
           0.00026      2.412194e-10
          0.000261      2.574652e-10
          0.000262      2.747095e-10
          0.000263      2.930075e-10
          0.000264       3.12417e-10
          0.000265      3.329987e-10
          0.000266      3.548161e-10
          0.000267      3.779358e-10
          0.000268      4.024273e-10
          0.000269      4.283637e-10
           0.00027      4.558212e-10
          0.000271      4.848797e-10
          0.000272      5.156227e-10
          0.000273      5.481374e-10
          0.000274       5.82515e-10
          0.000275      6.188509e-10
          0.000276      6.572446e-10
          0.000277      6.977999e-10
          0.000278      7.406253e-10
          0.000279      7.858339e-10
           0.00028      8.335438e-10
          0.000281      8.838781e-10
          0.000282       9.36965e-10
          0.000283      9.929383e-10
          0.000284      1.051937e-09
          0.000285      1.114107e-09
          0.000286      1.179598e-09
          0.000287      1.248568e-09
          0.000288      1.321181e-09
          0.000289      1.397606e-09
           0.00029       1.47802e-09
          0.000291      1.562608e-09
          0.000292      1.651561e-09
          0.000293      1.745076e-09
          0.000294      1.843361e-09
          0.000295      1.946629e-09
          0.000296      2.055103e-09
          0.000297      2.169014e-09
          0.000298        2.2886e-09
          0.000299       2.41411e-09
            0.0003      2.545801e-09
          0.000301       2.68394e-09
          0.000302      2.828802e-09
          0.000303      2.980676e-09
          0.000304      3.139856e-09
          0.000305       3.30665e-09
          0.000306      3.481375e-09
          0.000307       3.66436e-09
          0.000308      3.855945e-09
          0.000309      4.056481e-09
           0.00031      4.266333e-09
          0.000311      4.485875e-09
          0.000312      4.715495e-09
          0.000313      4.955594e-09
          0.000314      5.206587e-09
          0.000315        5.4689e-09
          0.000316      5.742975e-09
          0.000317      6.029267e-09
          0.000318      6.328244e-09
          0.000319      6.640391e-09
           0.00032      6.966206e-09
          0.000321      7.306204e-09
          0.000322      7.660915e-09
          0.000323      8.030883e-09
          0.000324      8.416671e-09
          0.000325      8.818858e-09
          0.000326      9.238038e-09
          0.000327      9.674823e-09
          0.000328      1.012984e-08
          0.000329      1.060375e-08
           0.00033       1.10972e-08
          0.000331      1.161089e-08
          0.000332      1.214551e-08
          0.000333      1.270179e-08
          0.000334      1.328048e-08
          0.000335      1.388232e-08
          0.000336      1.450811e-08
          0.000337      1.515864e-08
          0.000338      1.583473e-08
          0.000339      1.653724e-08
           0.00034      1.726702e-08
          0.000341      1.802496e-08
          0.000342      1.881197e-08
          0.000343      1.962897e-08
          0.000344      2.047692e-08
          0.000345       2.13568e-08
          0.000346      2.226959e-08
          0.000347      2.321633e-08
          0.000348      2.419805e-08
          0.000349      2.521582e-08
           0.00035      2.627074e-08
          0.000351      2.736391e-08
          0.000352      2.849648e-08
          0.000353      2.966961e-08
          0.000354      3.088449e-08
          0.000355      3.214233e-08
          0.000356      3.344437e-08
          0.000357      3.479188e-08
          0.000358      3.618613e-08
          0.000359      3.762845e-08
           0.00036      3.912017e-08
          0.000361      4.066266e-08
          0.000362      4.225731e-08
          0.000363      4.390553e-08
          0.000364      4.560877e-08
          0.000365      4.736849e-08
          0.000366      4.918619e-08
          0.000367      5.106338e-08
          0.000368       5.30016e-08
          0.000369      5.500244e-08
           0.00037      5.706749e-08
          0.000371      5.919836e-08
          0.000372      6.139671e-08
          0.000373      6.366421e-08
          0.000374      6.600255e-08
          0.000375      6.841346e-08
          0.000376       7.08987e-08
          0.000377      7.346002e-08
          0.000378      7.609923e-08
          0.000379      7.881816e-08
           0.00038      8.161864e-08
          0.000381      8.450255e-08
          0.000382      8.747178e-08
          0.000383      9.052825e-08
          0.000384       9.36739e-08
          0.000385      9.691068e-08
          0.000386      1.002406e-07
          0.000387      1.036656e-07
          0.000388      1.071878e-07
          0.000389      1.108092e-07
           0.00039      1.145319e-07
          0.000391       1.18358e-07
          0.000392      1.222895e-07
          0.000393      1.263286e-07
          0.000394      1.304774e-07
          0.000395      1.347381e-07
          0.000396      1.391129e-07
          0.000397       1.43604e-07
          0.000398      1.482135e-07
          0.000399      1.529438e-07
            0.0004      1.577969e-07
          0.000401      1.627753e-07
          0.000402      1.678811e-07
          0.000403      1.731166e-07
          0.000404      1.784841e-07
          0.000405      1.839859e-07
          0.000406      1.896243e-07
          0.000407      1.954015e-07
          0.000408        2.0132e-07
          0.000409       2.07382e-07
           0.00041      2.135899e-07
          0.000411       2.19946e-07
          0.000412      2.264526e-07
          0.000413       2.33112e-07
          0.000414      2.399266e-07
          0.000415      2.468987e-07
          0.000416      2.540306e-07
          0.000417      2.613247e-07
          0.000418      2.687832e-07
          0.000419      2.764086e-07
           0.00042       2.84203e-07
          0.000421      2.921688e-07
          0.000422      3.003083e-07
          0.000423      3.086237e-07
          0.000424      3.171174e-07
          0.000425      3.257915e-07
          0.000426      3.346482e-07
          0.000427      3.436899e-07
          0.000428      3.529187e-07
          0.000429      3.623368e-07
           0.00043      3.719463e-07
          0.000431      3.817494e-07
          0.000432      3.917481e-07
          0.000433      4.019446e-07
          0.000434       4.12341e-07
          0.000435      4.229391e-07
          0.000436      4.337411e-07
          0.000437      4.447489e-07
          0.000438      4.559644e-07
          0.000439      4.673895e-07
           0.00044      4.790261e-07
          0.000441       4.90876e-07
          0.000442       5.02941e-07
          0.000443      5.152228e-07
          0.000444      5.277231e-07
          0.000445      5.404436e-07
          0.000446      5.533858e-07
          0.000447      5.665514e-07
          0.000448      5.799418e-07
          0.000449      5.935585e-07
           0.00045      6.074029e-07
          0.000451      6.214764e-07
          0.000452      6.357802e-07
          0.000453      6.503156e-07
          0.000454      6.650837e-07
          0.000455      6.800858e-07
          0.000456      6.953228e-07
          0.000457      7.107958e-07
          0.000458      7.265057e-07
          0.000459      7.424533e-07
           0.00046      7.586395e-07
          0.000461      7.750651e-07
          0.000462      7.917306e-07
          0.000463      8.086366e-07
          0.000464      8.257838e-07
          0.000465      8.431725e-07
          0.000466      8.608032e-07
          0.000467       8.78676e-07
          0.000468      8.967914e-07
          0.000469      9.151494e-07
           0.00047        9.3375e-07
          0.000471      9.525934e-07
          0.000472      9.716794e-07
          0.000473      9.910078e-07
          0.000474      1.010578e-06
          0.000475      1.030391e-06
          0.000476      1.050445e-06
          0.000477       1.07074e-06
          0.000478      1.091275e-06
          0.000479       1.11205e-06
           0.00048      1.133064e-06
          0.000481      1.154316e-06
          0.000482      1.175805e-06
          0.000483      1.197531e-06
          0.000484      1.219491e-06
          0.000485      1.241686e-06
          0.000486      1.264113e-06
          0.000487      1.286772e-06
          0.000488       1.30966e-06
          0.000489      1.332777e-06
           0.00049       1.35612e-06
          0.000491      1.379689e-06
          0.000492       1.40348e-06
          0.000493      1.427493e-06
          0.000494      1.451726e-06
          0.000495      1.476176e-06
          0.000496      1.500841e-06
          0.000497      1.525719e-06
          0.000498      1.550808e-06
          0.000499      1.576105e-06
            0.0005      1.601608e-06
          0.000501      1.627315e-06
          0.000502      1.653222e-06
          0.000503      1.679327e-06
          0.000504      1.705628e-06
          0.000505      1.732121e-06
          0.000506      1.758803e-06
          0.000507      1.785672e-06
          0.000508      1.812724e-06
          0.000509      1.839957e-06
           0.00051      1.867367e-06
          0.000511       1.89495e-06
          0.000512      1.922704e-06
          0.000513      1.950624e-06
          0.000514      1.978708e-06
          0.000515      2.006953e-06
          0.000516      2.035353e-06
          0.000517      2.063906e-06
          0.000518      2.092609e-06
          0.000519      2.121456e-06
           0.00052      2.150445e-06
          0.000521      2.179572e-06
          0.000522      2.208832e-06
          0.000523      2.238222e-06
          0.000524      2.267737e-06
          0.000525      2.297375e-06
          0.000526      2.327129e-06
          0.000527      2.356998e-06
          0.000528      2.386976e-06
          0.000529      2.417059e-06
           0.00053      2.447243e-06
          0.000531      2.477524e-06
          0.000532      2.507897e-06
          0.000533      2.538359e-06
          0.000534      2.568905e-06
          0.000535       2.59953e-06
          0.000536      2.630232e-06
          0.000537      2.661004e-06
          0.000538      2.691843e-06
          0.000539      2.722745e-06
           0.00054      2.753705e-06
          0.000541       2.78472e-06
          0.000542      2.815784e-06
          0.000543      2.846893e-06
          0.000544      2.878044e-06
          0.000545      2.909232e-06
          0.000546      2.940452e-06
          0.000547      2.971701e-06
          0.000548      3.002975e-06
          0.000549      3.034269e-06
           0.00055      3.065579e-06
          0.000551      3.096901e-06
          0.000552      3.128231e-06
          0.000553      3.159565e-06
          0.000554        3.1909e-06
          0.000555      3.222231e-06
          0.000556      3.253554e-06
          0.000557      3.284866e-06
          0.000558      3.316162e-06
          0.000559       3.34744e-06
           0.00056      3.378696e-06
          0.000561      3.409925e-06
          0.000562      3.441125e-06
          0.000563      3.472292e-06
          0.000564      3.503423e-06
          0.000565      3.534515e-06
          0.000566      3.565563e-06
          0.000567      3.596566e-06
          0.000568       3.62752e-06
          0.000569      3.658423e-06
           0.00057       3.68927e-06
          0.000571      3.720061e-06
          0.000572      3.750791e-06
          0.000573      3.781458e-06
          0.000574       3.81206e-06
          0.000575      3.842594e-06
          0.000576      3.873059e-06
          0.000577      3.903451e-06
          0.000578      3.933769e-06
          0.000579      3.964011e-06
           0.00058      3.994174e-06
          0.000581      4.024258e-06
          0.000582      4.054259e-06
          0.000583      4.084178e-06
          0.000584      4.114011e-06
          0.000585      4.143759e-06
          0.000586      4.173419e-06
          0.000587       4.20299e-06
          0.000588      4.232471e-06
          0.000589      4.261862e-06
           0.00059      4.291162e-06
          0.000591      4.320369e-06
          0.000592      4.349483e-06
          0.000593      4.378504e-06
          0.000594      4.407431e-06
          0.000595      4.436265e-06
          0.000596      4.465004e-06
          0.000597      4.493649e-06
          0.000598      4.522199e-06
          0.000599      4.550656e-06
            0.0006      4.579019e-06
          0.000601      4.607288e-06
          0.000602      4.635465e-06
          0.000603      4.663549e-06
          0.000604      4.691541e-06
          0.000605      4.719443e-06
          0.000606      4.747254e-06
          0.000607      4.774977e-06
          0.000608      4.802611e-06
          0.000609      4.830159e-06
           0.00061      4.857621e-06
          0.000611      4.884999e-06
          0.000612      4.912294e-06
          0.000613      4.939508e-06
          0.000614      4.966642e-06
          0.000615      4.993699e-06
          0.000616      5.020679e-06
          0.000617      5.047586e-06
          0.000618      5.074419e-06
          0.000619      5.101183e-06
           0.00062      5.127879e-06
          0.000621      5.154508e-06
          0.000622      5.181074e-06
          0.000623      5.207578e-06
          0.000624      5.234023e-06
          0.000625      5.260411e-06
          0.000626      5.286744e-06
          0.000627      5.313026e-06
          0.000628      5.339258e-06
          0.000629      5.365444e-06
           0.00063      5.391585e-06
          0.000631      5.417685e-06
          0.000632      5.443746e-06
          0.000633      5.469771e-06
          0.000634      5.495763e-06
          0.000635      5.521724e-06
          0.000636      5.547657e-06
          0.000637      5.573565e-06
          0.000638      5.599452e-06
          0.000639      5.625318e-06
           0.00064      5.651168e-06
          0.000641      5.677005e-06
          0.000642       5.70283e-06
          0.000643      5.728648e-06
          0.000644       5.75446e-06
          0.000645       5.78027e-06
          0.000646       5.80608e-06
          0.000647      5.831893e-06
          0.000648      5.857712e-06
          0.000649      5.883539e-06
           0.00065      5.909377e-06
          0.000651       5.93523e-06
          0.000652      5.961098e-06
          0.000653      5.986986e-06
          0.000654      6.012895e-06
          0.000655      6.038828e-06
          0.000656      6.064787e-06
          0.000657      6.090775e-06
          0.000658      6.116794e-06
          0.000659      6.142847e-06
           0.00066      6.168935e-06
          0.000661       6.19506e-06
          0.000662      6.221225e-06
          0.000663      6.247432e-06
          0.000664      6.273682e-06
          0.000665      6.299977e-06
          0.000666       6.32632e-06
          0.000667      6.352711e-06
          0.000668      6.379153e-06
          0.000669      6.405646e-06
           0.00067      6.432193e-06
          0.000671      6.458794e-06
          0.000672      6.485452e-06
          0.000673      6.512166e-06
          0.000674      6.538938e-06
          0.000675      6.565769e-06
          0.000676       6.59266e-06
          0.000677      6.619612e-06
          0.000678      6.646624e-06
          0.000679      6.673699e-06
           0.00068      6.700836e-06
          0.000681      6.728035e-06
          0.000682      6.755298e-06
          0.000683      6.782623e-06
          0.000684      6.810012e-06
          0.000685      6.837463e-06
          0.000686      6.864978e-06
          0.000687      6.892555e-06
          0.000688      6.920194e-06
          0.000689      6.947895e-06
           0.00069      6.975657e-06
          0.000691       7.00348e-06
          0.000692      7.031362e-06
          0.000693      7.059303e-06
          0.000694      7.087302e-06
          0.000695      7.115358e-06
          0.000696       7.14347e-06
          0.000697      7.171636e-06
          0.000698      7.199855e-06
          0.000699      7.228125e-06
            0.0007      7.256446e-06
          0.000701      7.284814e-06
          0.000702       7.31323e-06
          0.000703       7.34169e-06
          0.000704      7.370193e-06
          0.000705      7.398737e-06
          0.000706       7.42732e-06
          0.000707      7.455939e-06
          0.000708      7.484594e-06
          0.000709       7.51328e-06
           0.00071      7.541996e-06
          0.000711       7.57074e-06
          0.000712      7.599508e-06
          0.000713      7.628299e-06
          0.000714       7.65711e-06
          0.000715      7.685938e-06
          0.000716      7.714781e-06
          0.000717      7.743635e-06
          0.000718      7.772499e-06
          0.000719      7.801368e-06
           0.00072       7.83024e-06
          0.000721      7.859113e-06
          0.000722      7.887984e-06
          0.000723      7.916848e-06
          0.000724      7.945704e-06
          0.000725      7.974549e-06
          0.000726      8.003379e-06
          0.000727      8.032191e-06
          0.000728      8.060983e-06
          0.000729      8.089751e-06
           0.00073      8.118493e-06
          0.000731      8.147205e-06
          0.000732      8.175884e-06
          0.000733      8.204527e-06
          0.000734      8.233132e-06
          0.000735      8.261694e-06
          0.000736      8.290213e-06
          0.000737      8.318683e-06
          0.000738      8.347104e-06
          0.000739      8.375471e-06
           0.00074      8.403782e-06
          0.000741      8.432034e-06
          0.000742      8.460224e-06
          0.000743      8.488351e-06
          0.000744       8.51641e-06
          0.000745        8.5444e-06
          0.000746      8.572319e-06
          0.000747      8.600163e-06
          0.000748      8.627931e-06
          0.000749       8.65562e-06
           0.00075      8.683228e-06
          0.000751      8.710752e-06
          0.000752      8.738192e-06
          0.000753      8.765545e-06
          0.000754      8.792808e-06
          0.000755      8.819981e-06
          0.000756      8.847062e-06
          0.000757      8.874049e-06
          0.000758       8.90094e-06
          0.000759      8.927734e-06
           0.00076      8.954431e-06
          0.000761      8.981029e-06
          0.000762      9.007526e-06
          0.000763      9.033922e-06
          0.000764      9.060217e-06
          0.000765      9.086408e-06
          0.000766      9.112497e-06
          0.000767      9.138482e-06
          0.000768      9.164363e-06
          0.000769       9.19014e-06
           0.00077      9.215813e-06
          0.000771      9.241381e-06
          0.000772      9.266845e-06
          0.000773      9.292205e-06
          0.000774      9.317462e-06
          0.000775      9.342616e-06
          0.000776      9.367668e-06
          0.000777      9.392619e-06
          0.000778      9.417468e-06
          0.000779      9.442219e-06
           0.00078       9.46687e-06
          0.000781      9.491425e-06
          0.000782      9.515884e-06
          0.000783      9.540249e-06
          0.000784      9.564521e-06
          0.000785      9.588702e-06
          0.000786      9.612795e-06
          0.000787        9.6368e-06
          0.000788      9.660721e-06
          0.000789      9.684559e-06
           0.00079      9.708317e-06
          0.000791      9.731996e-06
          0.000792      9.755601e-06
          0.000793      9.779133e-06
          0.000794      9.802595e-06
          0.000795       9.82599e-06
          0.000796      9.849321e-06
          0.000797      9.872591e-06
          0.000798      9.895802e-06
          0.000799       9.91896e-06
            0.0008      9.942065e-06
          0.000801      9.965123e-06
          0.000802      9.988136e-06
          0.000803      1.001111e-05
          0.000804      1.003404e-05
          0.000805      1.005694e-05
          0.000806      1.007982e-05
          0.000807      1.010266e-05
          0.000808      1.012548e-05
          0.000809      1.014829e-05
           0.00081      1.017107e-05
          0.000811      1.019385e-05
          0.000812      1.021662e-05
          0.000813      1.023939e-05
          0.000814      1.026216e-05
          0.000815      1.028494e-05
          0.000816      1.030772e-05
          0.000817      1.033052e-05
          0.000818      1.035334e-05
          0.000819      1.037618e-05
           0.00082      1.039904e-05
          0.000821      1.042193e-05
          0.000822      1.044486e-05
          0.000823      1.046783e-05
          0.000824      1.049084e-05
          0.000825      1.051389e-05
          0.000826        1.0537e-05
          0.000827      1.056016e-05
          0.000828      1.058337e-05
          0.000829      1.060665e-05
           0.00083         1.063e-05
          0.000831      1.065341e-05
          0.000832      1.067689e-05
          0.000833      1.070046e-05
          0.000834       1.07241e-05
          0.000835      1.074783e-05
          0.000836      1.077164e-05
          0.000837      1.079554e-05
          0.000838      1.081954e-05
          0.000839      1.084363e-05
           0.00084      1.086783e-05
          0.000841      1.089212e-05
          0.000842      1.091652e-05
          0.000843      1.094103e-05
          0.000844      1.096565e-05
          0.000845      1.099038e-05
          0.000846      1.101522e-05
          0.000847      1.104019e-05
          0.000848      1.106527e-05
          0.000849      1.109047e-05
           0.00085       1.11158e-05
          0.000851      1.114125e-05
          0.000852      1.116683e-05
          0.000853      1.119254e-05
          0.000854      1.121838e-05
          0.000855      1.124434e-05
          0.000856      1.127044e-05
          0.000857      1.129667e-05
          0.000858      1.132303e-05
          0.000859      1.134953e-05
           0.00086      1.137615e-05
          0.000861      1.140292e-05
          0.000862      1.142981e-05
          0.000863      1.145684e-05
          0.000864      1.148401e-05
          0.000865      1.151131e-05
          0.000866      1.153874e-05
          0.000867       1.15663e-05
          0.000868      1.159399e-05
          0.000869      1.162182e-05
           0.00087      1.164977e-05
          0.000871      1.167785e-05
          0.000872      1.170606e-05
          0.000873      1.173439e-05
          0.000874      1.176284e-05
          0.000875      1.179142e-05
          0.000876      1.182012e-05
          0.000877      1.184893e-05
          0.000878      1.187786e-05
          0.000879       1.19069e-05
           0.00088      1.193604e-05
          0.000881       1.19653e-05
          0.000882      1.199466e-05
          0.000883      1.202413e-05
          0.000884      1.205369e-05
          0.000885      1.208334e-05
          0.000886      1.211309e-05
          0.000887      1.214293e-05
          0.000888      1.217286e-05
          0.000889      1.220286e-05
           0.00089      1.223294e-05
          0.000891       1.22631e-05
          0.000892      1.229333e-05
          0.000893      1.232363e-05
          0.000894      1.235398e-05
          0.000895       1.23844e-05
          0.000896      1.241487e-05
          0.000897      1.244539e-05
          0.000898      1.247596e-05
          0.000899      1.250657e-05
            0.0009      1.253722e-05
          0.000901      1.256791e-05
          0.000902      1.259862e-05
          0.000903      1.262935e-05
          0.000904      1.266011e-05
          0.000905      1.269089e-05
          0.000906      1.272167e-05
          0.000907      1.275246e-05
          0.000908      1.278326e-05
          0.000909      1.281405e-05
           0.00091      1.284484e-05
          0.000911      1.287562e-05
          0.000912      1.290639e-05
          0.000913      1.293713e-05
          0.000914      1.296785e-05
          0.000915      1.299855e-05
          0.000916      1.302921e-05
          0.000917      1.305984e-05
          0.000918      1.309043e-05
          0.000919      1.312098e-05
           0.00092      1.315148e-05
          0.000921      1.318193e-05
          0.000922      1.321232e-05
          0.000923      1.324266e-05
          0.000924      1.327293e-05
          0.000925      1.330314e-05
          0.000926      1.333328e-05
          0.000927      1.336335e-05
          0.000928      1.339334e-05
          0.000929      1.342326e-05
           0.00093      1.345309e-05
          0.000931      1.348284e-05
          0.000932       1.35125e-05
          0.000933      1.354208e-05
          0.000934      1.357156e-05
          0.000935      1.360095e-05
          0.000936      1.363025e-05
          0.000937      1.365944e-05
          0.000938      1.368854e-05
          0.000939      1.371754e-05
           0.00094      1.374643e-05
          0.000941      1.377522e-05
          0.000942      1.380391e-05
          0.000943      1.383248e-05
          0.000944      1.386096e-05
          0.000945      1.388932e-05
          0.000946      1.391757e-05
          0.000947      1.394572e-05
          0.000948      1.397375e-05
          0.000949      1.400168e-05
           0.00095      1.402949e-05
          0.000951       1.40572e-05
          0.000952      1.408479e-05
          0.000953      1.411228e-05
          0.000954      1.413966e-05
          0.000955      1.416693e-05
          0.000956       1.41941e-05
          0.000957      1.422116e-05
          0.000958      1.424811e-05
          0.000959      1.427496e-05
           0.00096      1.430171e-05
          0.000961      1.432836e-05
          0.000962      1.435491e-05
          0.000963      1.438137e-05
          0.000964      1.440773e-05
          0.000965        1.4434e-05
          0.000966      1.446017e-05
          0.000967      1.448626e-05
          0.000968      1.451227e-05
          0.000969      1.453819e-05
           0.00097      1.456403e-05
          0.000971       1.45898e-05
          0.000972      1.461549e-05
          0.000973       1.46411e-05
          0.000974      1.466665e-05
          0.000975      1.469214e-05
          0.000976      1.471756e-05
          0.000977      1.474292e-05
          0.000978      1.476823e-05
          0.000979      1.479349e-05
           0.00098       1.48187e-05
          0.000981      1.484386e-05
          0.000982      1.486898e-05
          0.000983      1.489406e-05
          0.000984      1.491911e-05
          0.000985      1.494413e-05
      0.0009859999      1.496912e-05
      0.0009869999      1.499409e-05
          0.000988      1.501903e-05
          0.000989      1.504396e-05
           0.00099      1.506888e-05
          0.000991      1.509379e-05
          0.000992       1.51187e-05
          0.000993       1.51436e-05
          0.000994      1.516851e-05
          0.000995      1.519342e-05
          0.000996      1.521834e-05
          0.000997      1.524328e-05
          0.000998      1.526823e-05
          0.000999       1.52932e-05
