# Result of the experimentation with args: 1
#           x           y     is_wall    pressure      temper    vol_mass     speed_1     speed_2

           0           0           0      100000         270           1           0           0
           0        0.01           0      124710         270   0.9999999-1.021108e-05-1.079857e-05
           0        0.02           0      124710         270           1-5.383643e-070.0002415097
           0        0.03           0    124709.5    269.9997   0.9999972-0.00026377287.966996e-06
           0        0.04           0      124710         270   0.9999999-2.185663e-06   0.0041579
           0        0.05           0    124702.8    269.9955   0.9999586 -0.005664294.947141e-05
           0        0.06           0      124710         270           10.0001082066  0.05060075
           0        0.07           0    124634.2    269.9531   0.9995658 -0.09300332-0.001712612
           0        0.08           0    124714.2    270.0025    1.000024 0.006329269    0.390657
           0        0.09           0    124214.2    269.6921   0.9971618   -1.129625 -0.05721203
           0  0.09999999           0    124806.5    270.0587    1.000557   0.1831705    1.317504
           0        0.11           0    123292.3    269.0873   0.9919858   -9.661223  -0.8173708
           0        0.12           0    125779.5    270.6552    1.006135     3.27744   -5.206451
           0        0.13           0      100000         270           1           0           0
           0        0.14           0      100000         270           1           0           0
           0        0.15           0      100000         270           1           0           0
           0        0.16           0      100000         270           1           0           0
           0        0.17           0      100000         270           1           0           0
           0        0.18           0      100000         270           1           0           0
           0        0.19           0      100000         270           1           0           0

        0.01           0           0      124710         270   0.9999999-1.021108e-05-1.079857e-05
        0.01        0.01           0      124710         270   0.9999999-1.021108e-05-1.079857e-05
        0.01        0.02           0      124710         270           1-5.383643e-070.0002415097
        0.01        0.03           0    124709.5    269.9997   0.9999972-0.00026377287.966996e-06
        0.01        0.04           0      124710         270   0.9999999-2.185663e-06   0.0041579
        0.01        0.05           0    124702.8    269.9955   0.9999586 -0.005664294.947141e-05
        0.01        0.06           0      124710         270           10.0001082066  0.05060075
        0.01        0.07           0    124634.2    269.9531   0.9995658 -0.09300332-0.001712612
        0.01        0.08           0    124714.2    270.0025    1.000024 0.006329269    0.390657
        0.01        0.09           0    124214.2    269.6921   0.9971618   -1.129625 -0.05721203
        0.01  0.09999999           0    124806.5    270.0587    1.000557   0.1831705    1.317504
        0.01        0.11           0    123292.3    269.0873   0.9919858   -9.661223  -0.8173708
        0.01        0.12           0    125779.5    270.6552    1.006135     3.27744   -5.206451
        0.01        0.13           1      100000         270           1           0           0
        0.01        0.14           1      100000         270           1           0           0
        0.01        0.15           1      100000         270           1           0           0
        0.01        0.16           1      100000         270           1           0           0
        0.01        0.17           1      100000         270           1           0           0
        0.01        0.18           1      100000         270           1           0           0
        0.01        0.19           0      100000         270           1           0           0

        0.02           0           0      124710         270           13.459138e-05-1.125873e-06
        0.02        0.01           0      124710         270           13.459138e-05-1.125873e-06
        0.02        0.02           0      124710         270           1 3.83104e-06-1.205135e-05
        0.02        0.03           0      124710         270           10.00064301726.313289e-06
        0.02        0.04           0      124710         270   0.99999995.386455e-05-0.001242411
        0.02        0.05           0    124711.8    270.0011     1.00001 0.0095063520.0001583632
        0.02        0.06           0    124709.6    269.9997   0.99999760.0008927472 -0.03670484
        0.02        0.07           0    124758.3    270.0299    1.000277  0.09740224 0.004339137
        0.02        0.08           0    124699.8    269.9936   0.9999418  0.01150823    -0.64373
        0.02        0.09           0    125418.3    270.4364    1.004056   0.6052722   0.1132865
        0.02  0.09999999           0    124484.9    269.8414   0.9987815   0.1220829   -7.208807
        0.02        0.11           0    130909.3    273.6538    1.035694    1.329097    2.201454
        0.02        0.12           0    121150.1    266.6477   0.9836674    5.679296   -51.19013
        0.02        0.13           0    155901.7    285.5341    1.182103    84.86687    23.13845
        0.02        0.14           0    93683.51    241.3724   0.8403071   -30.52431    -50.6349
        0.02        0.15           0    147231.1    285.5694    1.116221    178.0762    137.2001
        0.02        0.16           0    34755.77    153.4617   0.4903311   -331.1389    260.6147
        0.02        0.17           0    21163.85    118.6818   0.3860762   -110.1569    337.9116
        0.02        0.18           0    96044.87    269.2787   0.7722085   -24.59901     222.581
        0.02        0.19           1      100000         270           1           0           0

        0.03           0           0    124709.9    269.9999   0.99999954.761383e-05-4.155893e-05
        0.03        0.01           0    124709.9    269.9999   0.99999954.761383e-05-4.155893e-05
        0.03        0.02           0      124710         270   0.99999994.966701e-060.0008499358
        0.03        0.03           0    124708.6    269.9991   0.99999180.00097670265.799695e-05
        0.03        0.04           0    124709.9    269.9999   0.99999947.190708e-05  0.01302141
        0.03        0.05           0    124691.5    269.9886   0.9998942  0.016630270.0008870342
        0.03        0.06           0    124708.8    269.9992    0.999993  0.00117068   0.1385369
        0.03        0.07           0    124551.8     269.902   0.9990936   0.2144643 0.008713872
        0.03        0.08           0    124700.8     269.994   0.9999483  0.01189683   0.9021228
        0.03        0.09           0    123973.5     269.542   0.9957833    2.049825  0.04485673
        0.03  0.09999999           0    124678.3    269.9789   0.9998239  0.01490382    2.129205
        0.03        0.11           0    124563.8    269.8676   0.9993175    14.10843   0.1543009
        0.03        0.12           0    124402.6    269.6995   0.9986464  -0.9682575   -14.62705
        0.03        0.13           0    141500.2    279.7594    1.095052    69.72296    7.802691
        0.03        0.14           0    113452.2    261.4156   0.9396017   -20.94053   -24.39078
        0.03        0.15           0    151314.4    287.1072    1.141035    136.7856     50.2913
        0.03        0.16           0    88866.69    249.1332   0.7722713   -148.3431    85.34087
        0.03        0.17           0    84432.64    251.3372   0.7273042    100.5206     18.9543
        0.03        0.18           0    136173.6    268.9699    1.096104   -87.10391    178.4468
        0.03        0.19           0      100000         300           1           0           0

        0.04           0           0    124709.9    269.9999   0.99999951.691585e-05-4.377276e-05
        0.04        0.01           0    124709.9    269.9999   0.99999951.691585e-05-4.377276e-05
        0.04        0.02           0      124710         270   0.99999991.991414e-060.0009170294
        0.04        0.03           0    124708.5     269.999   0.99999110.00039051147.332405e-05
        0.04        0.04           0    124709.9    269.9999   0.99999933.857646e-05   0.0144094
        0.04        0.05           0    124689.5    269.9873   0.9998828 0.007458922 0.001268916
        0.04        0.06           0    124708.1    269.9988   0.99998910.0008126389   0.1609368
        0.04        0.07           0    124525.2    269.8856   0.9989417    0.108192  0.01602103
        0.04        0.08           0    124689.4    269.9868   0.9998837  0.01275921    1.183596
        0.04        0.09           0    123706.2    269.3755   0.9942509    1.164611   0.1442917
        0.04  0.09999999           0    124553.8    269.8968   0.9991291   0.1251539    4.905285
        0.04        0.11           0    122491.1     268.604   0.9873119    9.134532    0.921538
        0.04        0.12           0    123754.7    269.3894   0.9945889   0.4091204    7.085008
        0.04        0.13           0    129013.2    272.6932    1.024288    51.42143    5.790346
        0.04        0.14           0    117606.5    265.1652   0.9602339    -7.20901    3.372768
        0.04        0.15           0    140681.8    280.8041    1.084668    115.0647    32.20378
        0.04        0.16           0    93755.64    246.0847   0.8248506   -54.61269    59.76855
        0.04        0.17           0    109627.7    273.5189   0.8677518    123.9019    58.31183
        0.04        0.18           0    81103.56     216.434   0.8112916    70.14251    246.1876
        0.04        0.19           0      100000         300           1           0           0

        0.05           0           0    124709.9    269.9999   0.99999931.501794e-05-5.648327e-05
        0.05        0.01           0    124709.9    269.9999   0.99999931.501794e-05-5.648327e-05
        0.05        0.02           0      124710         270   0.99999991.534842e-06 0.001223528
        0.05        0.03           0    124707.9    269.9987   0.99998770.00034614179.461493e-05
        0.05        0.04           0    124709.8    269.9999    0.9999992.642908e-05  0.02008893
        0.05        0.05           0    124680.1    269.9815   0.9998286  0.00659322 0.001667555
        0.05        0.06           0    124707.4    269.9984   0.9999854 0.000512257   0.2391524
        0.05        0.07           0    124414.4    269.8169   0.9983069  0.09491466  0.02130882
        0.05        0.08           0    124682.5    269.9818    0.999847 0.006888629    1.951449
        0.05        0.09           0    122805.9    268.8096   0.9890922    1.002539   0.1868448
        0.05  0.09999999           0    124521.9    269.8557   0.9990252  0.03776354    9.950269
        0.05        0.11           0      117787    265.5334   0.9603747    7.523952   0.9511618
        0.05        0.12           0    124051.4    269.3904   0.9969696  -0.4211717    27.01221
        0.05        0.13           0    115254.1    263.6151   0.9465609    36.77623    2.532263
        0.05        0.14           0      122924    268.5371    0.991048   -6.869619    34.72487
        0.05        0.15           0    128457.2    272.0209    1.022395    86.63769    7.263098
        0.05        0.16           0    118151.6    265.3794   0.9639063   -36.55144    43.87623
        0.05        0.17           0    125100.7    270.8428    1.000011    95.25269   -1.177564
        0.05        0.18           0      128602    265.7154    1.047837   -47.94375    120.6876
        0.05        0.19           0      100000         300           1           0           0

        0.06           0           0    124709.9    269.9999   0.99999932.928203e-06-5.725575e-05
        0.06        0.01           0    124709.9    269.9999   0.99999932.928203e-06-5.725575e-05
        0.06        0.02           0      124710         270   0.99999993.361336e-07 0.001248149
        0.06        0.03           0    124707.8    269.9986   0.99998757.684017e-059.825714e-05
        0.06        0.04           0    124709.8    269.9999    0.9999997.482108e-06  0.02065534
        0.06        0.05           0      124679    269.9808   0.9998226 0.001667465 0.001762644
        0.06        0.06           0    124707.2    269.9983   0.99998430.0001756804   0.2490971
        0.06        0.07           0    124398.4     269.807   0.9982153  0.02757465  0.02322565
        0.06        0.08           0    124679.1    269.9796   0.9998277 0.003015271    2.080195
        0.06        0.09           0    122630.1    268.6986   0.9880848   0.3375752   0.2149759
        0.06  0.09999999           0    124479.1    269.8228   0.9988042  0.02825692    11.11791
        0.06        0.11           0    116461.4    264.6443   0.9527569     2.97428    1.201471
        0.06        0.12           0      123767    269.1028   0.9957469 -0.01881869    33.72947
        0.06        0.13           0    109026.6    259.1556   0.9108237    17.41349    3.084852
        0.06        0.14           0    122777.4    268.0942   0.9915014   -1.806423    49.49458
        0.06        0.15           0    116931.5    264.1954    0.958228     48.8725    4.311384
        0.06        0.16           0    119218.5    265.7295   0.9713286   -8.223251    48.93454
        0.06        0.17           0    119741.9    265.8656   0.9750938    62.72789    5.505897
        0.06        0.18           0    113052.8    258.6436   0.9463285    10.56181    109.1571
        0.06        0.19           0      100000         300           1           0           0

        0.07           0           0    124709.9    269.9999   0.99999932.129389e-06-5.907531e-05
        0.07        0.01           0    124709.9    269.9999   0.99999932.129389e-06-5.907531e-05
        0.07        0.02           0      124710         270   0.99999992.104889e-07 0.001297439
        0.07        0.03           0    124707.7    269.9986   0.99998685.484507e-050.0001017704
        0.07        0.04           0    124709.8    269.9999   0.99999894.132931e-06  0.02167926
        0.07        0.05           0    124677.1    269.9796   0.9998113 0.001165792 0.001837984
        0.07        0.06           0    124707.1    269.9982   0.99998358.937303e-05   0.2650105
        0.07        0.07           0      124372    269.7905   0.9980637  0.01879172  0.02442296
        0.07        0.08           0    124677.1    269.9781   0.9998171 0.001339314    2.257439
        0.07        0.09           0      122379    268.5397    0.986645   0.2226463   0.2279068
        0.07  0.09999999           0    124462.2    269.8034   0.9987397 0.007385361    12.44601
        0.07        0.11           0    114893.2    263.5788   0.9437271    1.884326     1.26358
        0.07        0.12           0    123735.9     268.953   0.9960514  -0.1256747    39.80929
        0.07        0.13           0    103119.2    254.6755   0.8766275    10.62368    2.722445
        0.07        0.14           0    123519.9    268.0667   0.9975998   -1.707742    62.97925
        0.07        0.15           0    105868.1    256.0864   0.8950372    31.17005   0.1173982
        0.07        0.16           0    124095.1    268.6538    1.000055   -6.094151    52.43827
        0.07        0.17           0    113450.6    261.1676    0.940481    39.94893   -2.119395
        0.07        0.18           0    124962.4    268.3516    1.008179   -6.152101    75.75936
        0.07        0.19           0      100000         300           1           0           0

        0.08           0           0    124709.9    269.9999   0.99999931.146251e-07-5.917464e-05
        0.08        0.01           0    124709.9    269.9999   0.99999931.146251e-07-5.917464e-05
        0.08        0.02           0      124710         270   0.99999991.530264e-08 0.001300864
        0.08        0.03           0    124707.7    269.9986   0.99998683.539641e-060.0001021864
        0.08        0.04           0    124709.8    269.9999   0.99999894.308285e-07  0.02176607
        0.08        0.05           0    124676.9    269.9795   0.99981029.036484e-05 0.001849462
        0.08        0.06           0    124707.1    269.9981   0.99998331.176874e-05    0.266687
        0.08        0.07           0    124368.7    269.7885   0.9980453 0.001770344  0.02466505
        0.08        0.08           0    124676.6    269.9778   0.99981440.0002332965    2.281125
        0.08        0.09           0    122339.3    268.5146   0.9864169  0.02579859     0.23156
        0.08  0.09999999           0    124455.6    269.7978   0.9987083 0.002471049    12.67621
        0.08        0.11           0    114559.6    263.3514   0.9417988   0.2711522    1.296757
        0.08        0.12           0    123690.2    268.8928   0.9959068-0.002357367    41.20185
        0.08        0.13           0    101369.9    253.3354   0.8663149    1.900849    2.826251
        0.08        0.14           0      123438    267.8492   0.9977481  -0.1635463    67.08245
        0.08        0.15           0    101063.2     252.586   0.8662558    6.735774  -0.1649529
        0.08        0.16           0    124228.1    268.6244    1.001237  -0.4468839    55.73406
        0.08        0.17           0    107919.8     257.748    0.906501    10.42646  -0.9774607
        0.08        0.18           0    123156.2    267.6426   0.9962391    1.969068    67.60528
        0.08        0.19           0      100000         300           1           0           0

        0.09           0           0      100000         270           1           0           0
        0.09        0.01           0    124709.9    269.9999   0.99999931.146251e-07-5.917464e-05
        0.09        0.02           0      124710         270   0.99999991.530264e-08 0.001300864
        0.09        0.03           0    124707.7    269.9986   0.99998683.539641e-060.0001021864
        0.09        0.04           0    124709.8    269.9999   0.99999894.308285e-07  0.02176607
        0.09        0.05           0    124676.9    269.9795   0.99981029.036484e-05 0.001849462
        0.09        0.06           0    124707.1    269.9981   0.99998331.176874e-05    0.266687
        0.09        0.07           0    124368.7    269.7885   0.9980453 0.001770344  0.02466505
        0.09        0.08           0    124676.6    269.9778   0.99981440.0002332965    2.281125
        0.09        0.09           0    122339.3    268.5146   0.9864169  0.02579859     0.23156
        0.09  0.09999999           0    124455.6    269.7978   0.9987083 0.002471049    12.67621
        0.09        0.11           0    114559.6    263.3514   0.9417988   0.2711522    1.296757
        0.09        0.12           0    123690.2    268.8928   0.9959068-0.002357367    41.20185
        0.09        0.13           0    101369.9    253.3354   0.8663149    1.900849    2.826251
        0.09        0.14           0      123438    267.8492   0.9977481  -0.1635463    67.08245
        0.09        0.15           0    101063.2     252.586   0.8662558    6.735774  -0.1649529
        0.09        0.16           0    124228.1    268.6244    1.001237  -0.4468839    55.73406
        0.09        0.17           0    107919.8     257.748    0.906501    10.42646  -0.9774607
        0.09        0.18           0    123156.2    267.6426   0.9962391    1.969068    67.60528
        0.09        0.19           0      100000         300           1           0           0

